tau_small=0.0597765
tau_big=0.340479
ylim_quantile=0.995
